1990 89.400 92.500
1991 95.900 100.900
1992 103.500 107.200
1993 109.100 111.500
1994 113.000 114.100
1995 114.700 115.800
1996 116.400 118.500
1997 118.300 119.200
1998 119.800 121.100
1999 122.300 123.900
2000 125.700 126.700
2001 128.600 131.800
2002 135.700 138.500
2003 140.800 143.300
2004 143.900 143.800
2005 145.000 148.200
2006 150.200 152.600
2007 154.723 157.410
2008 160.105 163.543
2009 165.560 169.764
2010 170.763 173.995
2011 177.411 178.917
2012 181.910 186.190
2013 189.358 193.305
2014 195.654 199.024
2015 201.004 201.320
2016 201.447 201.915
2017 200.300 200.753
2018 200.478 202.310
2019 200.956 200.138
2020 198.469 200.124
2021 201.402 205.166
2022 211.626 220.425
2023 225.440 233.390
2024 238.876 245.136
2025 251.097 254.666
