1990 137.600 138.100
1991 138.200 140.200
1992 140.700 142.000
1993 143.500 146.200
1994 149.000 149.800
1995 155.500 160.100
1996 164.600 169.000
1997 171.700 173.600
1998 177.300 181.000
1999 183.400 186.600
2000 189.300 192.700
2001 198.900 203.800
2002 208.100 206.500
2003 207.400 203.800
2004 201.100 199.200
2005 200.800 200.000
2006 201.500 204.200
2007 208.162 217.719
2008 221.933 218.154
2009 218.386 216.224
2010 214.435 208.493
2011 205.338 206.245
2012 209.801 208.129
2013 211.513 216.297
2014 221.017 225.913
2015 231.950 238.221
2016 244.100 251.519
2017 260.157 265.347
2018 270.711 278.150
2019 285.718 293.044
2020 298.012 303.492
2021 310.390 324.326
2022 341.355 365.564
2023 386.293 399.134
2024 405.222 404.404
2025 407.139 408.877
