1984 53.86 57.64 61.55 63.60
1985 67.22 72.42 77.53 82.67
1986 86.19 90.18 94.54 99.59
1987 102.98 105.20 108.67 109.44
1988 109.97 112.44 111.79 112.88
1989 111.44 111.24 112.49 112.79
1990 111.35 108.22 107.11 103.50
1991 102.41 101.18 100.48 100.94
1992 100.54 99.37 100.08 100.19
1993 99.66 100.45 100.63 101.18
1994 101.50 100.34 100.39 99.52
1995 100.00 102.35 104.26 104.78
1996 106.47 106.54 107.23 108.72
1997 109.66 111.50 113.29 115.20
1998 116.83 119.59 122.96 125.15
1999 128.11 132.45 138.71 142.37
2000 148.62 153.70 159.85 163.76
2001 168.32 173.62 179.22 183.33
2002 189.46 196.78 203.07 208.09
2003 212.82 216.72 220.71 231.12
2004 234.87 240.24 251.96 256.30
2005 261.32 267.17 270.03 272.38
2006 272.55 267.75 266.25 266.51
2007 263.53 259.27 254.14 254.15
2008 253.68 245.09 239.67 240.03
2009 239.74 233.87 229.27 229.95
2010 228.04 228.31 230.02 229.90
2011 226.34 223.89 225.76 225.62
2012 224.69 224.08 225.79 226.75
2013 227.82 229.92 232.66 234.38
2014 236.63 242.11 245.11 247.53
2015 248.98 252.54 257.17 259.47
2016 262.59 266.92 271.70 274.57
2017 275.21 283.76 287.19 290.18
2018 293.21 298.12 302.01 302.87
2019 306.56 310.82 314.08 316.98
2020 320.07 322.75 328.50 335.02
2021 342.24 359.34 377.38 385.09
2022 395.91 420.75 422.39 414.13
2023 417.41 433.88 441.50 447.48
2024 451.55 465.40 470.48 471.92
2025 475.34 486.54 490.56 494.56
