1990 141.800 146.000
1991 149.300 151.800
1992 154.000 156.300
1993 157.300 160.300
1994 162.900 164.900
1995 169.400 172.000
1996 174.200 177.400
1997 180.700 185.100
1998 188.300 191.900
1999 196.100 198.800
2000 202.300 207.000
2001 212.100 218.400
2002 221.500 223.500
2003 228.200 232.200
2004 233.300 236.900
2005 241.000 243.100
2006 244.900 249.000
2007 254.815 258.995
2008 262.952 265.865
2009 267.806 269.806
2010 272.860 272.564
2011 275.094 277.640
2012 280.405 282.631
2013 286.314 290.633
2014 293.208 298.886
2015 303.544 307.976
2016 311.217 315.273
2017 319.039 324.557
2018 328.852 333.574
2019 339.161 342.963
2020 347.656 352.004
2021 355.321 361.572
2022 368.593 381.030
2023 396.199 407.788
2024 418.060 429.594
2025 440.586 452.180
