1984 97.34 99.41 101.82 101.90
1985 102.46 104.83 105.76 106.19
1986 106.62 109.17 107.97 107.41
1987 107.03 102.46 102.07 99.10
1988 98.66 98.34 95.82 94.25
1989 93.58 93.86 95.50 95.02
1990 94.50 94.94 95.13 94.40
1991 95.58 96.21 95.61 97.22
1992 98.44 97.56 99.16 99.25
1993 99.09 99.95 100.51 101.20
1994 101.40 100.81 100.51 100.11
1995 100.00 101.50 103.19 104.03
1996 105.02 104.88 105.73 106.14
1997 106.95 107.75 108.88 110.42
1998 112.18 112.95 115.30 116.74
1999 117.75 120.26 121.93 123.51
2000 125.80 127.70 129.40 131.06
2001 134.55 136.61 137.81 139.58
2002 140.18 141.33 143.46 144.52
2003 145.14 145.92 146.52 147.10
2004 147.96 148.93 149.53 151.04
2005 151.71 153.28 154.96 155.82
2006 156.94 158.01 159.14 160.22
2007 161.50 164.26 163.02 163.94
2008 165.22 164.97 164.24 164.92
2009 167.32 165.50 162.59 162.82
2010 162.28 162.31 163.40 162.27
2011 159.37 157.87 160.19 159.69
2012 159.38 160.05 161.63 163.26
2013 164.44 168.46 171.90 174.10
2014 177.87 183.53 187.30 189.45
2015 194.07 200.77 206.36 209.17
2016 213.57 221.55 226.35 230.32
2017 235.30 244.52 248.88 251.40
2018 255.45 260.52 263.67 264.05
2019 266.42 271.02 273.70 275.30
2020 277.26 278.55 283.12 288.91
2021 295.75 314.90 336.06 350.74
2022 370.63 402.19 411.39 402.28
2023 403.24 409.70 413.85 410.09
2024 415.76 421.50 422.62 425.96
2025 421.61 424.22 425.10 425.19
