1984 73.35 73.49 74.26 72.37
1985 73.45 73.88 73.65 72.47
1986 74.77 74.81 74.66 74.14
1987 74.40 73.40 72.74 71.02
1988 71.44 71.52 70.75 70.09
1989 70.03 70.35 71.58 71.14
1990 71.23 71.91 72.52 72.87
1991 73.21 74.37 74.85 75.99
1992 77.31 78.71 80.53 81.75
1993 83.17 84.80 87.17 89.04
1994 91.49 95.43 97.62 98.18
1995 100.00 101.84 103.70 105.36
1996 106.31 107.57 108.86 110.51
1997 112.04 113.58 115.48 117.35
1998 118.97 120.72 123.51 125.10
1999 127.83 132.87 138.42 141.32
2000 147.27 152.01 156.51 160.58
2001 164.83 168.56 171.91 173.09
2002 175.06 177.14 179.22 180.14
2003 180.55 181.17 181.67 184.08
2004 185.30 185.99 188.20 189.84
2005 191.50 193.20 195.21 196.85
2006 195.89 196.06 195.87 196.71
2007 195.50 195.19 191.99 192.78
2008 193.13 191.53 187.69 188.64
2009 192.93 190.40 186.35 186.76
2010 185.66 184.01 186.99 186.64
2011 182.26 179.05 181.56 183.06
2012 182.47 184.52 187.68 189.93
2013 193.15 198.69 205.47 208.11
2014 211.51 220.13 225.06 229.26
2015 233.84 245.18 254.47 258.62
2016 263.95 273.78 281.15 285.24
2017 291.63 302.73 307.51 312.01
2018 320.41 329.36 333.81 334.00
2019 338.16 342.96 345.24 347.68
2020 351.18 354.96 360.89 367.61
2021 378.16 405.56 428.51 439.73
2022 459.00 495.04 483.04 469.56
2023 472.85 485.24 483.31 476.56
2024 486.90 492.43 490.42 492.27
2025 493.06 494.77 493.68 496.35
