1990 135.400 137.600
1991 138.300 139.400
1992 139.800 139.100
1993 141.600 143.900
1994 144.600 146.400
1995 147.300 148.600
1996 151.800 153.800
1997 155.600 156.900
1998 159.200 163.000
1999 164.500 167.400
2000 172.100 173.600
2001 176.200 178.300
2002 182.800 184.000
2003 190.300 190.500
2004 191.400 193.600
2005 194.100 195.200
2006 200.100 201.200
2007 204.355 205.475
2008 204.737 204.162
2009 207.466 205.259
2010 204.621 205.038
2011 206.283 209.560
2012 212.312 216.364
2013 218.466 222.001
2014 224.944 227.333
2015 229.292 233.634
2016 237.979 241.150
2017 245.542 249.787
2018 253.977 259.898
2019 264.286 267.782
2020 272.325 274.665
2021 278.322 291.310
2022 299.908 308.129
2023 320.454 327.752
2024 341.063 348.227
2025 355.458 357.945
