1990 99.700 105.400
1991 109.800 113.800
1992 117.900 119.400
1993 121.500 123.300
1994 124.900 127.200
1995 128.500 130.200
1996 131.300 133.000
1997 134.100 136.500
1998 138.500 141.900
1999 145.100 146.700
2000 148.900 151.300
2001 153.600 158.200
2002 160.400 164.900
2003 166.600 168.900
2004 169.300 169.600
2005 170.800 171.300
2006 172.500 175.900
2007 178.012 177.976
2008 181.926 185.504
2009 188.881 190.873
2010 191.839 193.619
2011 193.845 195.565
2012 198.731 203.183
2013 207.693 212.110
2014 216.004 221.727
2015 228.822 236.847
2016 242.988 247.838
2017 251.626 253.424
2018 256.400 260.287
2019 259.859 264.905
2020 268.097 269.405
2021 270.820 272.664
2022 283.033 293.818
2023 309.740 317.873
2024 324.045 326.349
2025 327.332 330.524
