1990 126.75 126.67 126.76 125.03
1991 124.95 123.38 123.13 124.38
1992 123.78 122.10 121.22 119.59
1993 116.85 114.95 113.09 111.71
1994 110.23 105.53 103.28 101.06
1995 100.00 100.95 102.75 102.98
1996 102.82 100.23 99.64 100.38
1997 100.54 100.76 102.87 105.32
1998 108.02 110.43 113.30 115.93
1999 117.85 119.05 120.80 122.63
2000 126.20 127.82 130.75 133.67
2001 137.42 140.55 143.75 147.05
2002 152.00 158.05 164.12 169.34
2003 173.96 178.25 185.64 199.80
2004 208.16 221.69 245.64 254.55
2005 264.87 280.19 296.01 315.00
2006 326.68 333.97 339.85 340.22
2007 338.12 335.99 328.95 317.92
2008 299.62 275.91 255.48 245.45
2009 242.29 232.72 229.12 231.86
2010 230.55 230.22 232.28 230.53
2011 223.57 220.30 221.39 220.75
2012 218.47 218.29 221.87 225.75
2013 230.34 239.04 250.87 259.45
2014 264.51 270.57 276.28 279.69
2015 282.60 287.70 294.46 298.94
2016 302.92 307.29 314.20 318.92
2017 323.80 329.16 336.13 341.19
2018 347.60 353.67 358.81 359.52
2019 362.05 364.79 368.42 371.45
2020 375.69 380.26 383.81 391.57
2021 401.62 422.50 442.82 458.85
2022 477.69 507.48 505.67 495.11
2023 494.19 504.60 511.43 515.91
2024 524.26 533.55 541.33 544.27
2025 545.27 550.77 551.82 554.76
