1990 147.900 151.200
1991 153.200 154.600
1992 155.500 156.100
1993 156.300 156.000
1994 156.400 156.400
1995 155.700 155.800
1996 156.700 157.900
1997 158.800 160.400
1998 162.500 165.400
1999 168.400 171.500
2000 174.800 178.800
2001 183.300 189.500
2002 195.000 199.000
2003 204.500 210.300
2004 216.600 224.700
2005 231.400 238.500
2006 244.800 252.100
2007 260.388 267.129
2008 272.765 278.593
2009 281.018 279.492
2010 279.014 280.490
2011 282.941 283.948
2012 287.521 291.520
2013 294.274 298.847
2014 301.991 307.928
2015 313.554 319.945
2016 327.269 335.943
2017 344.026 352.717
2025 485.780
