1990 115.400 119.300
1991 120.300 122.600
1992 124.600 125.300
1993 127.900 132.100
1994 136.000 138.200
1995 140.000 142.200
1996 144.700 146.400
1997 148.000 149.300
1998 150.700 151.800
1999 152.600 153.200
2000 154.600 156.500
2001 158.800 162.400
2002 166.200 170.500
2003 173.200 176.100
2004 181.900 187.500
2005 193.700 198.900
2006 205.300 214.900
2007 224.295 230.672
2008 237.135 240.564
2009 239.452 236.396
2010 236.416 237.403
2011 237.066 238.226
2012 240.139 243.072
2013 245.042 248.130
2014 254.730 260.495
2015 269.215 274.603
2016 280.984 289.588
2017 295.581 301.664
2018 305.896 311.297
2019 320.276 322.576
2020 324.445 328.913
2021 330.991 338.195
2022 359.761 392.036
2023 425.006 444.488
2024 456.953 466.451
2025 473.055 481.080
