1990 148.600 152.200
1991 154.000 157.300
1992 159.900 161.400
1993 164.200 165.400
1994 167.900 169.800
1995 172.400 174.500
1996 176.700 179.800
1997 182.800 186.100
1998 189.000 192.400
1999 195.300 198.500
2000 203.200 207.600
2001 211.900 215.300
2002 220.800 225.600
2003 230.500 235.500
2004 240.600 246.500
2005 252.400 260.200
2006 266.100 273.000
2007 278.812 284.636
2008 291.480 300.502
2009 306.744 308.334
2010 311.124 316.615
2011 318.315 323.147
2012 326.127 330.839
2013 336.130 341.001
2014 345.996 351.345
2015 355.669 363.233
2016 369.388 374.237
2017 378.882 383.566
2018 386.793 390.704
2019 397.616 403.074
2020 407.141 409.588
2021 408.883 409.484
2022 414.697 423.809
2023 438.049 448.237
2024 457.923 471.479
2025 482.274 491.434
