1990 148.500 153.300
1991 155.700 158.200
1992 160.200 162.200
1993 163.200 164.100
1994 164.900 166.700
1995 167.400 169.000
1996 170.600 172.900
1997 174.900 176.900
1998 179.100 181.600
1999 184.900 185.300
2000 189.800 192.000
2001 194.800 199.100
2002 202.200 204.400
2003 208.700 213.500
2004 218.700 222.200
2005 227.400 230.000
2006 234.900 239.600
2007 245.278 249.790
2008 253.069 257.248
2009 257.601 259.763
2010 259.459 260.063
2011 260.414 264.766
2012 267.576 270.964
2013 272.988 276.544
2014 278.992 282.778
2015 288.155 288.625
2016 289.142 291.170
2017 293.834 297.393
2018 300.497 304.201
2019 307.159 312.520
2020 316.207 318.995
2021 321.419 327.574
2022 335.785 349.040
2023 362.248 375.064
2024 387.964 397.759
2025 406.185 413.586
