1984 61.32 61.69 62.43 63.38
1985 63.58 64.61 66.00 66.13
1986 67.50 68.37 70.12 71.28
1987 72.94 74.62 76.46 78.15
1988 80.42 82.94 86.62 91.91
1989 96.79 101.58 106.73 109.67
1990 110.94 111.15 112.34 111.30
1991 111.29 110.57 110.51 111.11
1992 110.77 109.84 109.60 108.63
1993 107.30 106.39 105.50 105.26
1994 104.31 102.28 101.32 100.36
1995 100.00 100.70 101.73 101.69
1996 101.75 100.12 100.12 101.03
1997 101.22 102.15 104.26 105.81
1998 108.42 111.57 115.28 117.74
1999 119.94 122.41 126.50 130.00
2000 136.61 140.75 145.52 150.08
2001 154.94 159.25 163.85 167.62
2002 173.47 181.64 190.07 196.53
2003 202.46 207.09 214.57 229.66
2004 238.89 254.33 283.19 292.09
2005 301.17 309.53 316.74 323.84
2006 324.86 323.39 322.28 318.87
2007 313.59 307.32 297.11 287.79
2008 274.17 254.48 237.81 231.60
2009 231.38 223.14 219.26 222.68
2010 222.00 221.61 223.77 222.72
2011 216.08 211.20 213.26 213.12
2012 211.64 211.50 215.89 220.37
2013 224.89 235.88 248.01 255.00
2014 258.71 263.98 266.91 269.69
2015 272.01 276.57 282.98 286.70
2016 290.54 295.13 301.06 305.33
2017 309.49 316.77 323.15 327.15
2018 332.44 337.95 340.53 341.42
2019 342.08 345.71 349.53 352.22
2020 356.01 361.28 366.34 374.52
2021 386.37 410.93 433.61 451.74
2022 473.42 512.52 504.83 492.11
2023 496.82 515.94 526.05 529.01
2024 540.89 556.62 555.35 558.50
2025 557.14 564.68 564.17 568.44
