1984 101.200 103.300
1985 105.100 108.300
1986 111.000 112.400
1987 113.900 116.300
1988 119.500 121.300
1989 123.000 127.100
1990 130.900 139.100
1991 141.500 146.500
1992 148.700 150.200
1993 151.700 153.300
1994 154.700 156.900
1995 157.800 159.400
1996 161.800 164.200
1997 167.400 171.200
1998 176.000 180.700
1999 184.600 187.400
2000 190.900 194.900
2001 200.800 206.600
2002 209.200 209.400
2003 209.000 208.000
2004 208.100 208.400
2005 208.900 212.200
2006 216.500 221.900
2007 229.016 238.629
2008 247.948 256.002
2009 260.046 257.948
2010 253.291 251.637
2011 250.813 256.975
2012 263.496 268.372
2013 273.851 282.125
2014 289.145 297.619
2015 305.562 313.539
2016 323.563 335.087
2017 345.094 358.801
2018 370.262 379.698
2019 384.330 390.900
2020 400.156 404.660
2021 404.481 410.270
2022 422.217 442.352
2023 465.046 478.413
2024 489.513 501.490
2025 504.704 510.607
