1984 49.40 49.72 50.62 51.10
1985 51.25 51.69 52.25 52.48
1986 53.04 53.31 54.03 54.63
1987 55.51 56.06 57.25 57.88
1988 59.25 60.18 61.59 62.82
1989 65.36 68.94 72.53 77.73
1990 84.85 91.43 93.31 91.86
1991 92.22 92.45 92.50 93.64
1992 93.85 94.19 94.99 95.28
1993 95.23 95.83 96.47 97.19
1994 98.07 99.27 99.17 98.70
1995 100.00 100.97 102.13 102.80
1996 103.78 104.87 105.67 106.31
1997 108.40 111.01 113.76 115.80
1998 118.72 122.24 125.67 127.08
1999 129.40 133.57 137.66 138.89
2000 143.29 145.78 148.15 150.31
2001 153.72 156.40 158.57 159.37
2002 161.52 164.27 166.15 167.07
2003 168.78 170.15 172.13 176.77
2004 178.94 184.61 192.48 196.28
2005 203.02 213.20 221.38 230.03
2006 238.93 249.14 256.62 260.99
2007 266.90 271.67 271.93 272.31
2008 270.66 264.86 256.54 251.54
2009 248.72 236.97 229.56 226.37
2010 222.96 220.45 220.78 216.49
2011 209.30 205.04 206.32 206.23
2012 203.78 203.58 208.35 211.70
2013 214.01 220.80 227.83 231.09
2014 235.00 242.43 248.29 250.15
2015 253.52 264.03 273.13 278.19
2016 285.77 297.78 307.76 311.47
2017 320.08 337.69 347.15 353.34
2018 362.30 375.47 375.32 370.66
2019 373.90 378.63 380.51 382.56
2020 388.64 393.13 399.72 407.65
2021 416.21 445.41 464.93 479.92
2022 501.84 542.77 521.72 504.45
2023 506.61 517.66 519.93 515.27
2024 534.34 540.39 544.49 541.74
2025 551.98 553.11 551.75 554.02
