1990 149.500 152.500
1991 155.100 157.700
1992 158.900 161.200
1993 163.500 165.200
1994 166.600 168.400
1995 169.000 170.900
1996 172.300 176.600
1997 181.300 188.900
1998 195.900 203.400
1999 210.000 217.100
2000 223.800 233.400
2001 246.900 258.900
2002 261.900 263.200
2003 263.300 262.400
2004 262.000 262.300
2005 263.000 263.000
2006 265.600 268.400
2007 274.595 280.033
2008 285.440 292.181
2009 297.841 298.468
2010 297.001 298.627
2011 301.631 307.755
2012 313.566 320.889
2013 327.794 335.113
2014 344.366 355.055
2015 364.881 377.268
2016 389.356 402.084
2017 413.613 421.405
2018 435.619 443.846
2019 452.363 457.974
2020 466.794 467.283
2021 467.775 467.277
2022 470.529 479.924
2023 494.557 502.741
2024 504.951 511.267
2025 518.243 521.375
