1990 129.900 131.100
1991 131.900 131.500
1992 130.000 131.600
1993 132.300 133.600
1994 136.200 138.700
1995 140.000 141.600
1996 143.100 144.600
1997 146.100 148.800
1998 149.500 151.800
1999 151.700 153.600
2000 155.600 157.800
2001 161.100 163.100
2002 166.600 168.700
2003 170.800 173.700
2004 176.500 178.600
2005 179.300 180.900
2006 182.900 184.400
2007 186.814 189.558
2008 190.131 191.694
2009 193.644 193.096
2010 195.267 197.106
2011 200.001 201.612
2012 205.858 208.416
2013 208.875 212.149
2014 214.555 215.472
2015 218.026 222.150
2016 224.959 227.178
2017 230.141 232.463
2018 236.418 240.198
2019 243.645 246.462
2020 251.156 255.603
2021 257.607 265.396
2022 267.011 275.331
2023 286.905 295.047
2024 303.037 316.655
2025 320.946 321.251
